
LocalPort OwningProcess
--------- -------------
        7          6036
        7          6036
        9          6036
        9          6036
       13          6036
       13          6036
       17          6036
       17          6036
       19          6036
       19          6036
       22          6520
       22          6520
       80             4
      135          1788
      135          1788
      139             4
      139             4
      139             4
      139             4
      139             4
      443          9736
      443          9736
      445             4
     1309         37100
     1330         37100
     1343         37100
     1398         37100
     1801          6408
     1801          6408
     2103          6408
     2103          6408
     2105          6408
     2105          6408
     2107          6408
     2107          6408
     2179          4740
     2179          4740
     2869             4
     3000         29052
     3001         35456
     3389         14992
     3389         14992
     3540         31172
     5040          1440
     5357             4
     6402         31172
     7002         17592
     7265         15756
     8080          9312
     8443             4
     9010         18720
     9180          6060
     9182          3796
     9222         37060
     9647         31172
    10080          9312
    11434         30312
    28385             4
    28390             4
    30425         37100
    30426         34360
    30427         34360
    30433         34360
    33988          1940
    34999         31172
    36871         37100
    38000         31172
    38000         31172
    40324          9736
    41343         17592
    45654         18720
    49303         35512
    49350          7508
    49351          9748
    49664          1516
    49664          1516
    49665          1412
    49665          1412
    49666          4112
    49666          4112
    49667          5308
    49667          5308
    49668          5948
    49669          6408
    49669          6408
    49672          1488
    49672          1488
    49719         10868
    49719         10868
    49743          9736
    50070          1512
    50070          1512
    50080             4
    50443             4
    51097         15220
    51097         15220
    55504         31172
    56172         31172
    56288         35288
    56584         14584
    57391         14860
    58889         28380

